.Random.seed <-
c(403L, 10L, -2015631758L, 680606916L, 806271623L, -458018211L, 
1711387732L, 391716474L, -867672635L, 233053983L, 226020006L, 
530443312L, 55611091L, -28791567L, -355424224L, 186142398L, 579660489L, 
-689725317L, -1136615862L, -508523860L, 62143919L, -65385115L, 
-987129060L, 2097823602L, 66491373L, 1012192295L, -1389360050L, 
-518016856L, -1988141397L, -2083783735L, 12146648L, -1112457594L, 
-1195554975L, -1515980045L, -621304478L, -1067945004L, 1433073367L, 
554564813L, 1005984868L, -796904886L, 612095925L, -768316657L, 
-434563050L, 832398016L, 17937539L, 1079632033L, -1071069552L, 
-2061052562L, -1707130087L, -2133538901L, -217340518L, -745209508L, 
419092575L, -405800907L, -1407550516L, -644157662L, 971993469L, 
649017975L, -530472034L, 1475179096L, 1688648635L, -1146319527L, 
2040809192L, 1817605910L, -1103570799L, 499545411L, 2019569746L, 
1543058148L, -1303648985L, 1604918653L, 117175412L, 1938841178L, 
1319111333L, 1496215743L, -522513594L, -2143534640L, -587258893L, 
810810129L, 1924262720L, 1655001886L, -1396401175L, 853651739L, 
-895997142L, 1329982540L, -898391025L, -1676046523L, -326031108L, 
-494168238L, -378414899L, -1333294969L, -113697938L, 1889619272L, 
452352331L, 107908265L, -1468731912L, 1376957734L, -336910783L, 
974499795L, 854254978L, -586593868L, -1490070217L, 947298349L, 
666889540L, 586902122L, 784975061L, 518861423L, 1648351094L, 
-2120550240L, 922612067L, 308584961L, 152777072L, 2022428942L, 
-698367111L, -245789941L, -1502448582L, -369798340L, 1941096575L, 
-908465195L, 1772307948L, 1746241346L, 855337117L, 222081303L, 
-1425725314L, -1987526600L, -1703692517L, 1590834297L, 996269256L, 
402189558L, -1707127503L, -36967069L, 1089040178L, 1435191428L, 
-942803769L, 429045661L, 1282695956L, 1692357050L, -1660557307L, 
86556127L, -1262735258L, -2082701328L, -1577772781L, -829856079L, 
-2094591648L, -1692170498L, 1142530697L, -1034912325L, -1627052150L, 
-1064718740L, 1300197359L, -1971296219L, -1650046756L, -507466062L, 
2022998445L, 1143727463L, -1685851506L, -1384785048L, -1328979093L, 
-2071544567L, -835169384L, -1285283130L, 89450529L, -646038349L, 
-424591838L, -2029314028L, -267615081L, -1365348723L, 102277028L, 
271032714L, -829981195L, 1482084431L, 400385878L, 2056625664L, 
38031171L, -1528346911L, 2043741264L, -1377809234L, 201947225L, 
-901646229L, -711270950L, -1028979044L, -592684897L, 134681333L, 
1482952588L, 923328098L, 1451246141L, 1180765367L, 1131828062L, 
-1378601320L, 1110242811L, 1839032217L, -949596120L, -1948559146L, 
-1331339951L, -1622283261L, -1713507438L, 1742233892L, -1942186009L, 
-1022809027L, 892787380L, -1513244390L, 194157157L, -671838465L, 
-1466461306L, -878824176L, -2070188621L, -734425519L, -845025792L, 
-1203344674L, -1957566167L, 1807430875L, -1713794070L, 1679819660L, 
-1114520369L, -159290235L, -959224004L, -1740007918L, -1304791795L, 
-1928765881L, 877241390L, 1037552008L, -1541951349L, 930482793L, 
1445303864L, 360836838L, -187233663L, -1899899373L, -982629950L, 
-131405196L, -2131407753L, 1578595184L, 273493284L, -1375421896L, 
-1798336102L, -185711152L, 1350919612L, 752797332L, 445219458L, 
-451586624L, 1051774780L, -459238768L, -993392862L, 1525175816L, 
900793100L, -1347216484L, -688020462L, 1206121344L, -1151390956L, 
-2073144024L, -2143915974L, 935908304L, 956439148L, -747103180L, 
216963218L, 871440736L, -1233810100L, 1936444896L, -1390382174L, 
-1991947352L, -1865184116L, 749265852L, -1410573198L, 1682110448L, 
-645802940L, -1539360680L, 831864890L, -1440714640L, -1728539076L, 
-1340549356L, -175822142L, 872919776L, 1806560380L, -423306032L, 
1953229730L, 948211240L, -1892058868L, 1622669244L, -1293121230L, 
195993792L, -331177420L, -141538616L, -1923851590L, 1566811280L, 
-1936091412L, -635290028L, 942458514L, 1493645088L, 1669392332L, 
-599572256L, -1192018238L, -470793176L, 875809708L, 1475869372L, 
419367410L, -1234807248L, 360589220L, 2026049976L, 986149722L, 
-1663142768L, 1968077692L, -79423724L, 854428994L, 67542784L, 
-1806527556L, 1244557136L, 1334704418L, -2035416504L, 1203712012L, 
100078684L, 1408565714L, 1757699584L, 1503695188L, 1766617320L, 
-827125510L, 1239680720L, -770330324L, 762204404L, -1025159790L, 
35604832L, 322996236L, -68320544L, 152631906L, 1842098856L, 1284614732L, 
98639740L, 1308542258L, -852404624L, -1940319420L, 851503064L, 
1782519674L, -468097488L, 1354995644L, -1382263212L, 660398146L, 
-1240862560L, -565635396L, -2112071216L, 540423010L, -1628376344L, 
1422827724L, 594772476L, -580476430L, 835177088L, -1670349324L, 
-411769208L, -1552097478L, -1908313264L, 957459564L, -1438240364L, 
140383314L, 95044064L, -113636148L, 603030688L, 69854594L, -719157016L, 
1352546028L, 1136526652L, -1791320974L, -456673168L, 120205348L, 
1237908536L, 971255578L, -2008994608L, 728399676L, 1911838612L, 
682492802L, 1733994944L, -1047028164L, 1811580304L, -1999446494L, 
575333640L, -915448180L, -1142419684L, -82591598L, 1326389632L, 
-1481959916L, -959181016L, -1000928710L, 1882906064L, -1482610324L, 
-163437644L, 1923381266L, 1543390688L, -155617332L, 1032798432L, 
-683837406L, 1287385384L, -2082943476L, -1874491588L, -106318862L, 
832342768L, -1074966972L, 1534349912L, -1847623878L, -643279376L, 
1784223420L, 712227092L, 1897403074L, -659938208L, 1297560444L, 
-327366704L, -131976926L, -400459096L, -1304634484L, -1687025476L, 
-1175478478L, 701704768L, -1350493004L, 1838551624L, 1233794490L, 
-784678384L, 32170732L, -1555873452L, 747938066L, -733180512L, 
-1311812916L, -1853890976L, 1612658626L, 1638340392L, -2048258132L, 
1606669116L, -245094030L, 457153328L, 122903844L, 1220487992L, 
-1057222950L, -322451568L, -2046021892L, -1673954412L, -1025421246L, 
1813042432L, -105225156L, 1307828560L, -396214110L, 1498632520L, 
-874068212L, 1007256284L, 1722817874L, 742659200L, 1529303124L, 
1331785704L, -1651250950L, 1825987408L, -956571860L, 1082657140L, 
-2136372334L, -952297376L, 593313164L, 1253219168L, 896367074L, 
-951471192L, 1022489804L, 396144636L, -1414150734L, 1794446832L, 
-1546581052L, 1294226776L, 935968615L, -1432877936L, -1129485650L, 
804161371L, -1442425027L, -1841830486L, 1971456584L, -1861088655L, 
-1258296349L, -444762396L, -1494905326L, 1838078439L, 638473649L, 
-1700539402L, -443187692L, 916070693L, 1582336559L, 1237503976L, 
-879494970L, 81370483L, 2018887125L, -253277774L, -1786820736L, 
-626607255L, 1654788059L, 1758189356L, 1364130106L, 1149020143L, 
-1475923335L, 1978078478L, 520928476L, 1614598989L, 906558135L, 
1976129600L, -1067689698L, -128547861L, -789500051L, 1533707738L, 
-79628392L, 1128838657L, 70907827L, -1575950636L, -1330561054L, 
-247389577L, 2018409409L, 819792198L, 289716356L, 32538165L, 
168994335L, 1132708216L, -2057297834L, 1053920483L, 982895269L, 
1739773762L, -245455568L, -483068583L, 1509078731L, -996888772L, 
-239081622L, 782607775L, -1580155863L, -1245389122L, 839339948L, 
-772442883L, -1293635513L, -460648656L, 886659150L, -1291094917L, 
-33310755L, -1651800566L, -414819544L, -1139333743L, 1411709827L, 
1114767492L, 452030130L, -1056198137L, -622329263L, -1398810154L, 
1244464308L, -1616977723L, 1438413327L, -1087427960L, 1828327334L, 
22234963L, 1516034229L, 1202140690L, 817423328L, 620009033L, 
1053893755L, -1816492724L, -481300262L, -66314033L, 1129823385L, 
-748470098L, 1655569852L, -1776081363L, -521928233L, 1973422112L, 
540700030L, -2056858805L, -218080947L, -819652742L, -1193600584L, 
-951997599L, -1502942445L, 70902580L, -1439686334L, -1619823273L, 
-971779935L, -1792067226L, 1345661796L, 1421230741L, 2096374719L, 
466630488L, -82899594L, 1010929539L, -1682893371L, -1923765534L, 
-2008575152L, -503189895L, 319009195L, 396789532L, 1613959242L, 
-1536527297L, -2044939127L, -941703010L, 563801420L, 335150365L, 
-984950617L, -1294272560L, 301522798L, -750701029L, -1781596291L, 
-293526L, 1189575688L, -829791055L, 311870243L, 966602788L, 1123074770L, 
1002506023L, 610580849L, 2049761206L, -1706224812L, 234110437L, 
1479813103L, 1705510696L, -407322746L, 619703219L, 1200872213L, 
